---------Random (i=2^7)-----------
Color Stats:
Mean:16.9419
Std:17.5005357422
Var:306.268751265
Skew:2.60388066024
Kurtosis:7.73399233634

Time Stats:
Mean:11.1583048
Std:14.0259457785
Var:196.727154981
Skew:18.9307506842
Kurtosis:18.9307506842


---------Greedy-----------
Color Stats:
Mean:18.43
Std:17.4561041346
Var:304.715571557
Skew:2.40231450827
Kurtosis:6.68949364288

Time Stats:
Mean:6.2415048
Std:6.96682842859
Var:48.5366983534
Skew:0.447352823603
Kurtosis:0.447352823603


